[gd_scene load_steps=3 format=3 uid="uid://hfu35y2qqm3x"]

[ext_resource type="PackedScene" uid="uid://dilro2mfjdfxi" path="res://addons/kaykit_character_pack_adventures/Characters/gltf/Rogue_Hooded.glb" id="1_lo44b"]

[sub_resource type="CapsuleShape3D" id="CapsuleShape3D_774uu"]
height = 2.4

[node name="Rogue_Hooded" instance=ExtResource("1_lo44b")]

[node name="Rig" parent="." index="0"]
transform = Transform3D(0.7, 0, 0, 0, 0.7, 0, 0, 0, 0.7, 0, 0, 0)

[node name="Skeleton3D" parent="Rig" index="0"]
transform = Transform3D(-1, 0, -8.74228e-08, 0, 1, 0, 8.74228e-08, 0, -1, 0, 0, 0)
bones/1/position = Vector3(0, 0.392064, 0)
bones/4/rotation = Quaternion(-0.587952, -0.108446, -0.645398, 0.475408)
bones/4/scale = Vector3(0.999999, 0.999999, 1)
bones/5/rotation = Quaternion(1.17522e-08, -4.73552e-08, -0.497385, 0.86753)
bones/6/rotation = Quaternion(-9.73784e-11, -2.98437e-10, 0.0266581, 0.999645)
bones/6/scale = Vector3(1, 1, 1)
bones/7/rotation = Quaternion(-0.316677, -0.347579, 0.228998, 0.852329)
bones/8/position = Vector3(8.34801e-10, 0.096125, -0.0575)
bones/8/rotation = Quaternion(-3.6586e-09, 6.87811e-09, -0.707107, 0.707107)
bones/8/scale = Vector3(1, 1, 1)
bones/10/rotation = Quaternion(-0.580281, 0.158285, 0.666053, 0.441127)
bones/10/scale = Vector3(0.999999, 0.999999, 1)
bones/11/rotation = Quaternion(8.19857e-09, 4.56512e-08, 0.424971, 0.905207)
bones/12/rotation = Quaternion(-9.73784e-11, 2.98437e-10, -0.0266581, 0.999645)
bones/12/scale = Vector3(1, 1, 1)
bones/13/rotation = Quaternion(-0.350236, 0.291473, -0.196762, 0.868138)
bones/14/position = Vector3(-8.34843e-10, 0.0961252, -0.0575)
bones/14/rotation = Quaternion(-1.02444e-09, -4.24391e-09, 0.707107, 0.707107)
bones/14/scale = Vector3(1, 1, 1)
bones/15/rotation = Quaternion(1.84042e-07, 0.707107, -1.18836e-07, 0.707107)
bones/16/rotation = Quaternion(1.84042e-07, 0.707107, -1.18836e-07, 0.707107)
bones/21/position = Vector3(0.170945, 0.113587, 1.39233e-08)
bones/21/rotation = Quaternion(0.995891, -1.28408e-07, -1.6118e-08, 0.0905607)
bones/21/scale = Vector3(1, 1, 1)
bones/22/rotation = Quaternion(0.29132, 6.60488e-08, -2.02313e-07, 0.956626)
bones/23/rotation = Quaternion(-0.554911, -3.32517e-08, 7.40796e-09, 0.83191)
bones/24/rotation = Quaternion(-3.04797e-08, 0.920355, -0.391084, 6.94849e-08)
bones/24/scale = Vector3(1, 1, 1)
bones/25/position = Vector3(-0.170945, 0.113587, 1.39233e-08)
bones/25/rotation = Quaternion(0.995891, 1.34625e-07, -2.73067e-08, 0.0905607)
bones/25/scale = Vector3(1, 1, 1)
bones/26/rotation = Quaternion(0.29132, -6.60488e-08, 2.02313e-07, 0.956626)
bones/27/rotation = Quaternion(-0.554911, 1.9805e-07, -7.89188e-08, 0.83191)
bones/28/rotation = Quaternion(3.04797e-08, 0.920355, -0.391084, -6.94848e-08)
bones/28/scale = Vector3(1, 1, 1)
bones/29/rotation = Quaternion(0.707107, -2.29302e-07, -4.60551e-08, 0.707107)
bones/30/rotation = Quaternion(-0.707107, -7.05285e-08, -7.05285e-08, 0.707107)
bones/31/rotation = Quaternion(7.10544e-15, -1.38321e-22, 1, -2.33983e-34)
bones/32/rotation = Quaternion(-1.04035e-07, 0.391084, 0.920355, -2.9526e-08)
bones/34/rotation = Quaternion(1, -3.10863e-15, 1.94707e-07, -3.45869e-22)
bones/36/rotation = Quaternion(0.707107, -3.82385e-08, 1.45009e-07, 0.707107)
bones/37/rotation = Quaternion(-0.707107, -7.05285e-08, -7.05285e-08, 0.707107)
bones/38/rotation = Quaternion(7.10544e-15, -1.38321e-22, 1, -2.33983e-34)
bones/39/rotation = Quaternion(-1.04035e-07, 0.391084, 0.920355, -2.95261e-08)
bones/40/rotation = Quaternion(-0.391084, -6.885e-08, -6.56287e-08, 0.920355)
bones/41/rotation = Quaternion(1, 4.44087e-16, 1.94707e-07, 1.54616e-29)
bones/43/rotation = Quaternion(-0.707107, -7.27951e-08, -7.27951e-08, 0.707107)
bones/44/position = Vector3(0.520841, 0.788312, 0.0370294)
bones/44/rotation = Quaternion(0.794627, -1.11759e-07, 0.607098, -5.96046e-08)
bones/45/rotation = Quaternion(-0.707107, -7.27951e-08, -7.27951e-08, 0.707107)
bones/46/position = Vector3(-0.539244, 0.783579, 0.0597369)
bones/46/rotation = Quaternion(0.758253, 1.52737e-07, -0.651961, 1.11759e-08)

[node name="Knife_Offhand" parent="Rig/Skeleton3D" index="0"]
transform = Transform3D(-4.74512e-07, 0.262863, 0.964832, 0.999999, -2.20542e-07, 1.63714e-06, 1.21101e-06, 0.964832, -0.262863, 0.50433, 0.6409, 0.0882316)

[node name="1H_Crossbow" parent="Rig/Skeleton3D" index="1"]
transform = Transform3D(0.988701, -0.149894, -2.97925e-07, -1.34566e-06, -7.56159e-07, -0.999999, 0.149894, 0.988701, -1.51196e-06, -0.5229, 0.742078, 0.0924806)

[node name="1H_Crossbow" parent="Rig/Skeleton3D/1H_Crossbow" index="0"]
visible = false

[node name="2H_Crossbow" parent="Rig/Skeleton3D" index="2"]
transform = Transform3D(0.988701, -0.149894, -2.97925e-07, -1.34566e-06, -7.56159e-07, -0.999999, 0.149894, 0.988701, -1.51196e-06, -0.5229, 0.742078, 0.0924806)

[node name="2H_Crossbow" parent="Rig/Skeleton3D/2H_Crossbow" index="0"]
visible = false

[node name="Knife" parent="Rig/Skeleton3D" index="3"]
transform = Transform3D(3.02104e-07, -0.149894, 0.988701, 0.999999, -6.07972e-07, -1.32742e-06, 1.36271e-06, 0.988701, 0.149894, -0.524453, 0.637449, 0.102722)

[node name="Throwable" parent="Rig/Skeleton3D" index="4"]
transform = Transform3D(3.17844e-07, -0.149894, 0.988701, 0.999999, -5.93239e-07, -1.3411e-06, 1.3502e-06, 0.988701, 0.149894, -0.55147, 0.637449, 0.280931)

[node name="Rogue_Cape" parent="Rig/Skeleton3D" index="5"]
transform = Transform3D(1, 1.25214e-21, 0, -1.25214e-21, 1, 0, 0, 0, 1, 0, 1.20227, 0)

[node name="CollisionShape3D" type="CollisionShape3D" parent="." index="2"]
transform = Transform3D(1, 0, 0, 0, 1, 0, 0, 0, 1, 0, 1.2, 0)
shape = SubResource("CapsuleShape3D_774uu")
